$coord
        9.21434440703012        6.29516452657978       -4.75244608912972      N
        8.07533794820873        5.98675344408311       -2.47987084357990      C
        7.59480198163347        8.17545876310937       -1.08473634935124      N
        6.21085394665293        7.82160876459164        0.97998921541963      C
        5.48629406884324        5.70186665277660        1.90508742418058      N
        6.05564222837853        3.55363490437239        0.82054873028581      N
        7.62031764507429        3.50590153841414       -1.39168706106883      C
        8.11032824546592        0.83344154591558       -1.52318117307413      C
        6.92914852540976       -0.48948321373560        0.48451245508576      C
        5.71456995839503        1.29369364918231        1.96700941072956      C
        4.08995304320890        0.73598580458762        4.14266891644782      C
        5.02266399275504        1.86642963037963        6.68524982972679      C
        5.45026614705973        2.67853030147630        8.65321862499133      N
        3.85327665216851       -1.80711781540072        4.48244218155717      O
        1.46989237167933       -2.48003154944436        5.32104969371117      C
        0.95161385737468       -5.09522885895187        3.79201062309876      C
        0.56794815997594       -4.26805266362940        1.15581415512050      O
        1.67339240976421       -4.70934949832364       -1.66725353327985      P
        0.04840084740971       -6.93601166671216       -2.68405137128190      O
       -0.66929467236906       -9.20728855231506       -1.87615448828411      C
       -3.16682483424299       -9.64816931691367       -0.93149377336498      C
       -3.78853490826147      -11.98545732243221       -0.05954069611184      C
       -2.06974336885862      -13.88334178615743       -0.13727838349568      C
        0.41681342929297      -13.40323669688316       -0.67442808242933      C
        1.21671976615868      -11.08070607439824       -1.58599339299475      C
        0.54946203981868       -2.16213218319572       -3.17358313496134      N
        2.21541466472564       -0.73720376074082       -4.92699607614317      C
        2.01373758790063        2.12958459201686       -4.57477984393213      C
        0.06417774793547        3.03906474575641       -3.33919026287729      O
       -0.08427631270604        5.68659022823664       -2.28093546339990      C
       -2.08544752344213        6.19902343659053       -0.33397330357325      C
       -2.48840246188580        9.16734975927540       -0.47214834851104      C
       -3.87587140518870       10.25869323118908        1.75902525969293      C
       -4.54094316318759        4.90616516766358       -0.78336725138127      C
       -4.82864249965320        2.20643777624511       -0.24664609394236      C
        3.74820641097387        3.39327579359643       -5.29585889542723      O
        2.03748229275972       -1.19248216775145       -7.82179119964211      C
        4.38889099825872       -4.83938350073244       -1.94703186559881      O
       -0.26858848478709       -0.12186158169176        4.92427574873416      C
       -1.30431276405400        0.77116325429081        7.24014949568098      O
        1.54205640129055        1.88888288162534        3.71738639434601      C
        1.01167400585925        4.29684611847306        4.87221147360694      O
        8.74051765477981        7.98383490894042       -5.48229364304094      H
        8.83391032685356        4.81759281444240       -5.88007294555015      H
        5.63705750394409        9.49979390198173        2.00880237274475      H
        9.31713751232410       -0.28532911392472       -2.72313255321619      H
        6.70987015375676       -2.47673100927628        0.87261023032998      H
        1.40463869703567       -2.71281564368606        7.39097736781089      H
        2.58398654880290       -6.36369884498246        3.89298741278813      H
       -0.63640719301537       -6.06532135096889        4.70400704130039      H
       -4.36484190547421       -8.00351053451358       -0.72295192188726      H
       -5.66420064648247      -12.49897582387195        0.58615991238157      H
       -2.71713444060585      -15.63043608059064        0.71366001881168      H
        1.54677236451869      -15.10248352845765       -0.49209280428448      H
        3.10531042422002      -10.40023351008787       -1.98856489921931      H
       -1.33440319057033       -2.19740395887935       -3.51329519854659      H
        4.20743612813595       -1.19097486300190       -4.58589233216726      H
       -0.21289426769275        7.01085211175950       -3.87170452027781      H
        1.73772524184582        5.89995103183982       -1.31855457546433      H
       -1.40523783629231        6.04925685258415        1.62133035035082      H
       -3.52241701842692        9.50375769361114       -2.23009885992111      H
       -0.53754331330313        9.86098906686107       -0.47809825023437      H
       -2.52992570944038       10.53905464322234        3.29494553378563      H
       -5.01546105377216       11.88565833734753        1.21221731914256      H
       -5.14627625780773        8.76776984760956        2.39875526866412      H
       -5.88586086962308        5.91890432690593        0.42153920908104      H
       -5.23333009849203        5.56065336050271       -2.61939647418833      H
       -6.82504546567293        1.69792057767993       -0.31972635232106      H
       -4.08007560058131        1.15091184869144       -1.85065621482943      H
       -3.94040690773747        1.64683015168226        1.52646161298503      H
        0.17223833213070       -1.73539319794986       -8.50943408063297      H
        3.37152207334534       -2.67428281366664       -8.32818962294177      H
        2.81263664603669        0.42976424906592       -8.82755022840728      H
       -1.93572513823184       -0.77054571962322        3.88560850451943      H
       -0.11590422710701        2.07275973088940        7.75378290994906      H
        1.22148547610974        1.83916567150421        1.67108714074874      H
        2.36305075253632        5.35007576118206        4.20768199584711      H
$end
